x
x
x
x
x
x
x
x
x
x
x
x
x
x
x
x
x
x
x
x
x
x
x
x
x
x
x
x
x
x
x
x
x
x
x
x
x
x
x
x
x
x
x
x
x
x
x
x
x
x
x
x
x
x
x
x
x
x
x
x
x
x
x
x
x
x
x
x
x
x
x
x
x
x
x
x
x
x
x
x
x
x
x
x
x
2611.2275,9141.5279,0.328571428571,0.57,4429
2611.2273,9141.5276,0.385714285714,3.76,4525
2611.2267,9141.5274,0.471428571429,8.67,4473
2611.2284,9141.5268,0.471428571429,1.85,4095
2611.2283,9141.5256,0.471428571429,1.04,4566
2611.2282,9141.5247,0.385714285714,-0.36,4502
2611.2283,9141.5243,0.385714285714,4.54,3987
2611.2284,9141.5239,0.385714285714,-4.21,4365
2611.2286,9141.5236,0.414285714286,0.27,4360
2611.2287,9141.5234,0.5,4.90,4413
2611.2287,9141.5232,0.5,4.60,4356
2611.2286,9141.5233,0.5,0.62,4293
2611.2289,9141.5231,0.357142857143,0.71,4382
2611.2288,9141.5229,0.357142857143,-0.43,4385
2611.2288,9141.5228,0.328571428571,-1.09,4287
2611.2287,9141.5226,0.357142857143,3.89,4204
2611.2287,9141.5226,0.385714285714,-4.00,4373
2611.2286,9141.5222,0.385714285714,-5.14,4175
2611.2288,9141.5217,0.328571428571,-3.79,4369
2611.2295,9141.521,0.328571428571,-1.05,4470
2611.23,9141.5208,0.328571428571,-5.62,4332
2611.2304,9141.5207,0.328571428571,-4.11,4531
2611.2305,9141.5207,0.414285714286,-4.77,3800
2611.2307,9141.5206,0.414285714286,-6.13,4417
2611.2307,9141.5206,0.357142857143,-5.41,4450
2611.2309,9141.5205,0.385714285714,-5.14,4346
2611.2309,9141.5204,0.357142857143,-4.33,4410
2611.2307,9141.5205,0.357142857143,-3.77,4497
2611.2306,9141.5205,0.328571428571,-7.04,4419
2611.2305,9141.5207,0.357142857143,-3.92,4378
2611.2304,9141.5208,0.414285714286,-11.68,4585
2611.23,9141.5211,0.414285714286,-3.75,4420
2611.2302,9141.5215,0.414285714286,-4.14,4763
2611.2298,9141.5228,0.414285714286,-4.41,4394
2611.2284,9141.525,0.528571428571,-2.51,5209
2611.228,9141.5279,0.557142857143,-0.77,4365
2611.228,9141.5301,0.557142857143,-0.72,4922
2611.2278,9141.532,0.528571428571,0.64,4469
2611.2273,9141.5336,0.528571428571,-1.40,4470
2611.2267,9141.5358,0.528571428571,-1.02,5531
2611.2266,9141.5378,0.3,-6.98,4158
2611.2268,9141.5395,0.414285714286,2.46,3965
2611.2261,9141.5397,0.385714285714,-7.14,4321
2611.2261,9141.5397,0.385714285714,-7.91,4446
2611.2262,9141.5397,0.357142857143,-8.32,4376
2611.2262,9141.5397,0.357142857143,0.73,4147
2611.2274,9141.5311,0.414285714286,4.74,4399
2611.2273,9141.5311,0.414285714286,4.91,4470
2611.2273,9141.531,0.385714285714,2.88,4452
2611.2272,9141.5312,0.385714285714,4.33,4490
2611.2269,9141.5311,0.414285714286,4.31,4405
2611.2266,9141.531,0.414285714286,5.81,4456
2611.2263,9141.5312,0.414285714286,7.82,4332
2611.2262,9141.5311,0.414285714286,6.63,4442
2611.2261,9141.5295,0.414285714286,6.15,4568
2611.226,9141.5295,0.385714285714,6.17,4319
2611.2261,9141.5294,0.385714285714,5.72,4431
2611.2261,9141.5294,0.357142857143,5.91,4420
2611.226,9141.5294,0.385714285714,2.70,4465
2611.2259,9141.5294,0.385714285714,5.15,4402
2611.2262,9141.5293,0.357142857143,7.74,4480
2611.2264,9141.5293,0.357142857143,7.49,4357
2611.2262,9141.5294,0.357142857143,6.10,4400
2611.2264,9141.5293,0.385714285714,5.88,4432
2611.2268,9141.5295,0.357142857143,5.68,4452
2611.2272,9141.5298,0.357142857143,4.88,4380
2611.2273,9141.5298,0.414285714286,3.94,4420
2611.2274,9141.5299,0.442857142857,4.01,4375
2611.2275,9141.5301,0.357142857143,6.53,4389
2611.2274,9141.5298,0.357142857143,5.17,4325
2611.2272,9141.5301,0.414285714286,6.96,4371
2611.2275,9141.5303,0.442857142857,5.85,4379
2611.2279,9141.5305,0.414285714286,1.08,4280
2611.2281,9141.5306,0.414285714286,3.24,4498
2611.228,9141.5306,0.414285714286,3.59,4388
2611.2288,9141.5317,0.414285714286,3.30,4401
2611.2296,9141.5322,0.414285714286,-2.41,4232
2611.2298,9141.5325,0.414285714286,-0.46,4564
2611.2297,9141.5325,0.414285714286,-7.67,4361
2611.2293,9141.5322,0.442857142857,0.57,4414
2611.229,9141.5318,0.414285714286,4.02,4503
2611.2287,9141.532,0.414285714286,5.49,4350
2611.2285,9141.5322,0.357142857143,1.62,4348
2611.2284,9141.5321,0.442857142857,3.44,4602
2611.2285,9141.5321,0.442857142857,2.24,4127
2611.2285,9141.5319,0.442857142857,4.10,4879
2611.2283,9141.5316,0.442857142857,2.46,4513
2611.2284,9141.5314,0.442857142857,3.26,4360
2611.2286,9141.5314,0.471428571429,-6.46,5266
2611.2288,9141.5316,0.442857142857,-6.87,4508
2611.2292,9141.5328,0.471428571429,-1.82,2825
2611.2288,9141.5352,0.557142857143,-6.63,4029
2611.2276,9141.5345,0.557142857143,-6.97,4402
2611.2274,9141.5345,0.585714285714,-3.57,3805
2611.2273,9141.5362,0.385714285714,-6.26,5805
2611.2273,9141.5379,0.385714285714,-6.74,4092
2611.2272,9141.5392,0.357142857143,-3.96,4051
2611.2268,9141.5394,0.328571428571,-2.81,4297
2611.2269,9141.5397,0.357142857143,-5.51,4324
2611.2269,9141.5414,0.471428571429,-4.48,4665
2611.227,9141.5429,0.471428571429,-5.21,4133
2611.2274,9141.5446,0.471428571429,-3.16,4704
2611.2273,9141.5464,0.471428571429,-4.96,4691
2611.2281,9141.5501,0.471428571429,-8.37,5433
2611.2281,9141.5521,0.471428571429,-6.19,4934
2611.2291,9141.554,0.471428571429,-5.53,3285
2611.2297,9141.5554,0.528571428571,-1.16,4429
2611.2307,9141.5547,0.471428571429,1.18,4362
2611.2299,9141.555,0.328571428571,-7.02,4502
2611.2296,9141.5555,0.385714285714,-4.98,3437
2611.2299,9141.5567,0.442857142857,-8.40,6511
2611.2301,9141.5581,0.471428571429,-11.29,4948
2611.2303,9141.5584,0.5,2.25,4322
2611.2306,9141.5581,0.528571428571,-4.22,4467
2611.2308,9141.5581,0.442857142857,-4.48,4365
2611.2308,9141.5581,0.471428571429,-7.04,4420
2611.2307,9141.5581,0.471428571429,-2.20,4152
2611.2307,9141.5582,0.528571428571,1.32,4446
2611.2307,9141.5582,0.528571428571,-0.45,4371
2611.2306,9141.5583,0.528571428571,1.09,4441
2611.2306,9141.5583,0.642857142857,2.75,4398
2611.2306,9141.5583,0.557142857143,-10.69,5020
2611.2305,9141.5609,0.414285714286,-2.40,4096
2611.23,9141.5641,0.414285714286,-4.16,5710
2611.2301,9141.5667,0.385714285714,-6.59,3342
2611.2297,9141.5691,0.328571428571,-1.25,5823
2611.2292,9141.5701,0.328571428571,9.69,3905
2611.2286,9141.5709,0.328571428571,9.26,3678
2611.2289,9141.5717,0.242857142857,-1.93,4119
2611.2283,9141.5739,0.242857142857,3.22,4248
2611.2275,9141.5742,0.242857142857,-3.17,4439
2611.23,9141.5754,0.3,3.82,4172
2611.2299,9141.5752,0.271428571429,3.95,4402
2611.2299,9141.5752,0.328571428571,2.74,4131
2611.2296,9141.575,0.3,2.47,4377
2611.2294,9141.575,0.214285714286,4.02,4237
2611.2289,9141.5744,0.242857142857,1.64,4420
2611.2289,9141.5745,0.271428571429,0.33,4449
2611.2289,9141.5744,0.214285714286,1.99,4452
2611.2289,9141.5744,0.242857142857,0.69,4406
2611.2291,9141.5744,0.214285714286,0.00,4408
2611.2292,9141.5747,0.214285714286,-0.22,3967
2611.2293,9141.5749,0.271428571429,-0.30,4442
2611.2294,9141.5752,0.242857142857,1.22,4361
2611.2292,9141.5751,0.214285714286,1.00,4401
2611.2247,9141.5583,0.5,10.06,2971
2611.2239,9141.556,0.471428571429,2.08,4424
2611.2239,9141.554,0.557142857143,1.19,4327
2611.224,9141.5517,0.414285714286,2.30,3835
2611.2237,9141.5501,0.357142857143,8.64,5021
2611.2235,9141.5476,0.357142857143,9.03,3763
2611.2239,9141.5455,0.471428571429,4.18,3868
2611.2235,9141.5427,0.471428571429,4.21,3813
2611.2229,9141.5398,0.385714285714,4.44,4174
2611.2225,9141.5367,0.414285714286,4.72,4282
2611.2225,9141.5315,0.5,6.18,3184
2611.2226,9141.5294,0.5,1.40,6474
2611.2222,9141.5276,0.471428571429,6.69,4080
2611.2219,9141.5259,0.471428571429,8.20,3174
2611.2219,9141.5248,0.414285714286,8.55,3670
2611.2215,9141.5235,0.414285714286,7.54,4573
2611.221,9141.5227,0.385714285714,7.10,4422
2611.2214,9141.5223,0.385714285714,11.58,4428
2611.2217,9141.522,0.385714285714,4.61,4359
2611.2223,9141.5213,0.328571428571,3.88,4159
2611.2227,9141.521,0.328571428571,5.00,4474
2611.2213,9141.5233,0.414285714286,1.46,4372
2611.2215,9141.5239,0.3,3.68,4414
2611.2219,9141.5239,0.414285714286,2.46,4488
2611.2224,9141.5238,0.414285714286,6.16,4472
2611.2226,9141.5237,0.328571428571,6.96,4856
2611.2228,9141.5238,0.271428571429,7.73,4394
2611.2233,9141.5236,0.357142857143,8.84,4213
2611.2236,9141.5235,0.3,15.24,4857
2611.2239,9141.5231,0.242857142857,21.07,4540
2611.2241,9141.5228,0.357142857143,18.80,4554
2611.2243,9141.5228,0.3,11.46,4436
2611.2245,9141.5228,0.3,15.03,4456
2611.2246,9141.5226,0.242857142857,8.73,4627
2611.2245,9141.5227,0.3,14.01,4066
